   1.2982002e+02  -2.5611012e+01  -7.5441093e-01  -3.7669268e-01
   1.2984050e+02  -2.5575953e+01  -9.0908872e-02  -4.7677854e-02
   1.2989198e+02  -2.5595532e+01  -2.1890851e-01  -6.7198877e-02
   1.2989088e+02  -2.5603078e+01  -4.0149891e-01  -1.5168208e-01
   1.2990481e+02  -2.5635726e+01  -4.2554779e-01  -1.8100666e-01
   1.2989970e+02  -2.5634073e+01  -5.2507704e-01  -4.1390100e-01
   1.2989136e+02  -2.5629438e+01  -8.0190435e-01  -3.7513699e-01
   1.2989732e+02  -2.5628343e+01  -6.5358435e-01  -4.2772923e-01
   1.2981758e+02  -2.5588092e+01  -3.3253500e-01  -3.4560030e-01
   1.2982911e+02  -2.5583143e+01  -1.8774795e-01  -2.8426453e-01
   1.2983600e+02  -2.5581864e+01  -1.2893173e-01  -1.9378439e-01
   1.2984784e+02  -2.5625759e+01  -8.0484599e-01  -4.5165217e-01
   1.2985153e+02  -2.5602101e+01  -5.3640520e-01  -3.6193989e-01
   1.2984349e+02  -2.5618786e+01  -7.8493037e-01  -2.5204767e-01
   1.2984198e+02  -2.5618479e+01  -6.8917046e-01  -4.5336143e-01
   1.2988317e+02  -2.5605827e+01  -4.6515373e-01  -1.9274360e-01
   1.2985115e+02  -2.5596948e+01  -3.0837661e-01  -3.1488122e-01
   1.2985715e+02  -2.5592046e+01  -2.0373443e-01  -2.1558235e-01
   1.2985687e+02  -2.5585037e+01  -9.6235889e-02  -9.3026157e-02
   1.2992150e+02  -2.5648481e+01  -1.7228822e-01  -8.2790514e-02
   1.2989604e+02  -2.5639186e+01  -6.1767810e-01  -4.8634321e-01
   1.2989706e+02  -2.5644006e+01  -5.8702887e-01  -4.2442958e-01
   1.2988774e+02  -2.5625507e+01  -8.6889973e-01  -2.6072398e-01
   1.2988799e+02  -2.5619028e+01  -7.3879693e-01  -4.0032778e-01
   1.2989364e+02  -2.5615535e+01  -6.5424736e-01  -3.2679499e-01
   1.2989535e+02  -2.5607140e+01  -4.4795415e-01  -2.0261326e-01
   1.2990594e+02  -2.5618649e+01  -3.9757871e-01  -1.4099970e-01
   1.2989934e+02  -2.5620919e+01  -5.6071136e-01  -3.5682204e-01
   1.2982431e+02  -2.5579250e+01  -8.9451675e-02  -2.0224675e-01
   1.2981775e+02  -2.5582512e+01  -1.3095644e-01  -2.1631492e-01
   1.2982075e+02  -2.5609593e+01  -7.1831841e-01  -3.1994788e-01
   1.2977698e+02  -2.5591246e+01  -1.1493260e-01  -1.1725899e-01
   1.2978269e+02  -2.5586763e+01  -9.0174693e-02  -1.0753653e-01
   1.2986228e+02  -2.5580927e+01  -7.2900272e-02  -6.0450424e-02
   1.2986810e+02  -2.5583111e+01  -1.0093227e-01  -7.6516426e-02
   1.2984309e+02  -2.5623657e+01  -7.5928411e-01  -4.5156279e-01
   1.2984346e+02  -2.5620393e+01  -8.2175106e-01  -1.8493342e-01
   1.2984216e+02  -2.5623033e+01  -8.6219344e-01  -1.5090387e-01
   1.2984000e+02  -2.5620048e+01  -7.6886511e-01  -2.7682910e-01
   1.2984128e+02  -2.5619694e+01  -7.0134569e-01  -4.7592174e-01
   1.2984176e+02  -2.5621892e+01  -7.9100099e-01  -3.5093188e-01
   1.2984223e+02  -2.5620748e+01  -7.8519921e-01  -3.4358968e-01
   1.2987319e+02  -2.5612126e+01  -6.8302482e-01  -2.8111796e-01
   1.2987146e+02  -2.5617465e+01  -7.6009137e-01  -3.0159577e-01
   1.2987427e+02  -2.5620725e+01  -8.0471936e-01  -2.4839808e-01
   1.2987868e+02  -2.5620879e+01  -7.7937022e-01  -3.3031341e-01
   1.2987970e+02  -2.5611249e+01  -6.2165793e-01  -2.8713033e-01
   1.2988237e+02  -2.5616743e+01  -7.0920469e-01  -3.7112352e-01
   1.2988086e+02  -2.5599076e+01  -3.5652207e-01  -1.4119747e-01
   1.2988590e+02  -2.5593387e+01  -2.3497041e-01  -9.3630605e-02
   1.2988486e+02  -2.5587132e+01  -1.2193900e-01  -5.5406897e-02
   1.2987936e+02  -2.5585495e+01  -1.1455414e-01  -5.4650113e-02
   1.2986718e+02  -2.5618913e+01  -7.8328084e-01  -4.3684989e-01
   1.2986350e+02  -2.5616670e+01  -8.1916804e-01  -3.8599519e-01
   1.2986026e+02  -2.5618959e+01  -8.7250576e-01  -2.5375792e-01
   1.2988290e+02  -2.5627835e+01  -8.7505629e-01  -2.0773579e-01
   1.2987946e+02  -2.5625492e+01  -8.6506144e-01  -1.8393211e-01
   1.2986664e+02  -2.5622663e+01  -8.1187885e-01  -4.2807451e-01
   1.2987300e+02  -2.5624779e+01  -8.8562881e-01  -1.0994237e-01
   1.2987590e+02  -2.5627414e+01  -8.7837502e-01  -1.6054700e-01
   1.2987507e+02  -2.5630347e+01  -8.3491875e-01  -2.1846680e-01
   1.2991375e+02  -2.5643306e+01  -2.2620623e-01  -1.2613801e-01
   1.2991660e+02  -2.5647828e+01  -2.4322738e-01  -1.0177655e-01
   1.2991007e+02  -2.5652943e+01  -3.4594368e-01  -2.0136548e-01
   1.2991389e+02  -2.5652517e+01  -3.1798955e-01  -1.5272092e-01
   1.2993176e+02  -2.5652874e+01  -9.6655739e-02  -3.0210366e-02
   1.2981229e+02  -2.5579526e+01  -3.8650718e-02  -1.1236428e-01
   1.2980818e+02  -2.5583897e+01  -9.0932536e-02  -1.7357304e-01
   1.2983860e+02  -2.5616546e+01  -8.1006417e-01   3.4430797e-02
   1.2984122e+02  -2.5617307e+01  -8.4689660e-01  -5.3202950e-02
   1.2983963e+02  -2.5617514e+01  -7.9815191e-01   1.3619688e-01
   1.2983877e+02  -2.5619609e+01  -8.0659720e-01  -1.2488900e-01
   1.2983869e+02  -2.5618645e+01  -7.9425286e-01   2.5425138e-01
   1.2984067e+02  -2.5621851e+01  -8.3853574e-01  -1.3852991e-01
   1.2983986e+02  -2.5621061e+01  -8.3676118e-01  -1.4142894e-01
   1.2982061e+02  -2.5612071e+01  -5.3358344e-01  -6.4476349e-01
   1.2983184e+02  -2.5613744e+01  -5.6236710e-01  -6.6895630e-01
   1.2983075e+02  -2.5613567e+01  -5.6020417e-01  -6.7184181e-01
   1.2981996e+02  -2.5608252e+01  -6.7330632e-01  -3.8878191e-01
   1.2981343e+02  -2.5590457e+01  -3.9279678e-01  -3.5832728e-01
   1.2981358e+02  -2.5594440e+01  -4.8934287e-01  -4.4871447e-01
   1.2980949e+02  -2.5589248e+01  -2.7252063e-01  -3.3551381e-01
   1.2980700e+02  -2.5592459e+01  -3.5034283e-01  -3.7465909e-01
   1.2981588e+02  -2.5596319e+01  -6.5858185e-01  -3.6673416e-01
   1.2981896e+02  -2.5596836e+01  -6.2649480e-01  -5.1395620e-01
   1.2981480e+02  -2.5599316e+01  -6.7133264e-01  -3.7555880e-01
   1.2980381e+02  -2.5591958e+01  -3.0634598e-01  -3.2393694e-01
   1.2979323e+02  -2.5591915e+01  -1.9495457e-01  -2.4858647e-01
   1.2979140e+02  -2.5593986e+01  -2.4934949e-01  -1.7591810e-01
   1.2977562e+02  -2.5588925e+01  -1.0171325e-01  -9.0059400e-02
   1.2977861e+02  -2.5585953e+01  -7.9358678e-02  -7.0836601e-02
   1.2976664e+02  -2.5589456e+01  -8.9232856e-02  -6.6122203e-02
   1.2977229e+02  -2.5589704e+01  -9.6401795e-02  -8.7142511e-02
   1.2976968e+02  -2.5587871e+01  -8.7700199e-02  -5.3278529e-02
   1.2983228e+02  -2.5594477e+01  -3.8921334e-01  -5.0070546e-01
   1.2982553e+02  -2.5599181e+01  -4.2049610e-01  -7.6109317e-01
   1.2982791e+02  -2.5589899e+01  -3.4403899e-01  -4.7011355e-01
   1.2982293e+02  -2.5591586e+01  -3.6381182e-01  -5.5539155e-01
   1.2982268e+02  -2.5595950e+01  -5.1427782e-01  -6.5330898e-01
   1.2982856e+02  -2.5600621e+01  -5.1651954e-01  -7.0167979e-01
   1.2983183e+02  -2.5599668e+01  -5.3402495e-01  -6.0903612e-01
   1.2984550e+02  -2.5595308e+01  -2.9712250e-01  -2.1231896e-01
   1.2984041e+02  -2.5598398e+01  -4.6703462e-01  -2.8455782e-01
   1.2984503e+02  -2.5588694e+01  -1.6580053e-01  -1.1246190e-01
   1.2983879e+02  -2.5587821e+01  -1.3240980e-01  -2.5719777e-01
   1.2983628e+02  -2.5593677e+01  -2.4281076e-01  -4.5610399e-01
   1.2984417e+02  -2.5623144e+01  -8.4502998e-01  -3.8043734e-02
   1.2984447e+02  -2.5621419e+01  -8.4652547e-01  -3.5944660e-02
   1.2987502e+02  -2.5597959e+01  -3.5597521e-01  -1.5387317e-01
   1.2986322e+02  -2.5594082e+01  -2.5075356e-01  -2.6760340e-01
   1.2986876e+02  -2.5589258e+01  -1.8729235e-01  -1.5092094e-01
   1.2987456e+02  -2.5590633e+01  -2.2818757e-01  -1.0447856e-01
   1.2991163e+02  -2.5624500e+01  -2.4406073e-01   1.2797772e-02
   1.2991043e+02  -2.5632200e+01  -2.4328272e-01  -2.4320496e-02
   1.2991565e+02  -2.5636958e+01  -1.5966003e-01   7.7090246e-04
   1.2992221e+02  -2.5633463e+01  -8.3289099e-02   6.6556698e-02
   1.2992375e+02  -2.5626266e+01  -8.1705679e-02   6.9267193e-02
   1.2991839e+02  -2.5622061e+01  -1.2679992e-01   4.8986843e-02
   1.2986295e+02  -2.5633684e+01  -7.0849184e-01  -5.5649642e-01
   1.2986577e+02  -2.5637094e+01  -8.5865697e-01  -2.3062694e-01
   1.2986088e+02  -2.5622232e+01  -8.8928948e-01  -2.3069522e-01
   1.2986351e+02  -2.5626114e+01  -9.3442950e-01  -1.1542304e-01
   1.2986358e+02  -2.5623694e+01  -8.7178943e-01  -2.7156766e-01
   1.2986174e+02  -2.5633636e+01  -8.7979218e-01  -2.1809897e-01
   1.2986301e+02  -2.5612249e+01  -7.3421815e-01  -4.4164007e-01
   1.2986299e+02  -2.5600740e+01  -4.0788163e-01  -3.9319995e-01
   1.2985731e+02  -2.5603856e+01  -5.3614234e-01  -4.7775630e-01
   1.2986843e+02  -2.5609153e+01  -5.9254604e-01  -3.9290063e-01
   1.2986899e+02  -2.5603242e+01  -5.0243521e-01  -2.8147552e-01
   1.2985653e+02  -2.5618241e+01  -8.3348796e-01  -4.1250668e-01
   1.2986826e+02  -2.5625529e+01  -8.4682090e-01  -3.6011154e-01
   1.2987046e+02  -2.5626461e+01  -8.7734695e-01   2.4143233e-02
   1.2993120e+02  -2.5663382e+01  -1.2313789e-01  -8.3099130e-02
   1.2990478e+02  -2.5642315e+01  -3.9883960e-01  -2.6710613e-01
   1.2990851e+02  -2.5645137e+01  -3.4045954e-01  -2.0228348e-01
   1.2990069e+02  -2.5645483e+01  -4.6772700e-01  -3.8472090e-01
   1.2990100e+02  -2.5649838e+01  -3.6043015e-01  -3.6650988e-01
   1.2990411e+02  -2.5651619e+01  -4.2064431e-01  -1.5856888e-01
   1.2990753e+02  -2.5650085e+01  -3.7179024e-01  -2.2110248e-01
   1.2992714e+02  -2.5661122e+01  -1.6974079e-01  -8.5983709e-02
   1.2992244e+02  -2.5654287e+01  -1.9971282e-01  -1.1690064e-01
   1.2992698e+02  -2.5656232e+01  -1.6824775e-01  -7.8066352e-02
   1.2989963e+02  -2.5661821e+01  -3.2532302e-01  -1.5087237e-01
   1.2990883e+02  -2.5656521e+01  -3.1737593e-01  -1.8734606e-01
   1.2989974e+02  -2.5655239e+01  -3.9600140e-01  -1.7156437e-01
   1.2989870e+02  -2.5652359e+01  -3.7128348e-01  -3.2641879e-01
   1.2989624e+02  -2.5652332e+01  -3.4261893e-01  -4.2133712e-01
   1.2989534e+02  -2.5655215e+01  -3.3658128e-01  -3.5362706e-01
   1.2989949e+02  -2.5658936e+01  -3.0712821e-01  -1.9259209e-01
   1.2989843e+02  -2.5657138e+01  -3.7366004e-01  -1.4641316e-01
   1.2989649e+02  -2.5657142e+01  -3.7627483e-01  -2.2329304e-01
   1.2989765e+02  -2.5660715e+01  -3.2248505e-01  -2.3115222e-01
   1.2989885e+02  -2.5660458e+01  -3.1388106e-01  -2.1051829e-01
   1.2986302e+02  -2.5634880e+01  -8.9488135e-01  -2.5128420e-01
   1.2984495e+02  -2.5624351e+01  -7.5556696e-01  -4.0185002e-01
   1.2984678e+02  -2.5625301e+01  -7.9675064e-01  -4.5064139e-01
   1.2984627e+02  -2.5624100e+01  -5.4809427e-01  -6.8104438e-01
   1.2988236e+02  -2.5632289e+01  -8.7617805e-01  -1.4175060e-01
   1.2991568e+02  -2.5675506e+01  -1.2490381e-01  -3.1654579e-02
   1.2978923e+02  -2.5588370e+01  -7.9653372e-02  -1.7729708e-01
   1.2979256e+02  -2.5588700e+01  -1.1833713e-01  -1.9117411e-01
   1.2978675e+02  -2.5585437e+01  -9.0310642e-02  -9.4268972e-02
   1.2979576e+02  -2.5586389e+01  -1.1113223e-01  -1.4112638e-01
   1.2980413e+02  -2.5583523e+01  -7.9263561e-02  -1.2481825e-01
   1.2979886e+02  -2.5588608e+01  -1.8591884e-01  -2.0295746e-01
   1.2980224e+02  -2.5588373e+01  -1.7084992e-01  -2.3590769e-01
   1.2983734e+02  -2.5618473e+01  -8.3843021e-01  -1.7241753e-01
   1.2983612e+02  -2.5617064e+01  -8.4635760e-01  -1.9392784e-01
   1.2983726e+02  -2.5617283e+01  -8.6201959e-01   3.4790930e-04
   1.2982844e+02  -2.5613106e+01  -5.4496075e-01  -6.1868073e-01
   1.2982990e+02  -2.5612508e+01  -3.0357801e-01  -7.8283307e-01
   1.2983084e+02  -2.5610593e+01  -3.7005654e-01  -7.2954513e-01
   1.2982071e+02  -2.5606486e+01  -7.0816436e-01  -4.5387156e-01
   1.2982327e+02  -2.5601970e+01  -3.9969444e-01  -7.8003430e-01
   1.2982350e+02  -2.5612518e+01  -5.4081170e-01  -6.5495573e-01
   1.2982185e+02  -2.5611570e+01  -5.1518646e-01  -6.6489933e-01
   1.2982242e+02  -2.5612342e+01  -5.3848149e-01  -6.5231545e-01
   1.2982205e+02  -2.5610063e+01  -5.0873528e-01  -6.1356470e-01
   1.2982347e+02  -2.5609620e+01  -3.6956014e-01  -7.3343138e-01
   1.2980783e+02  -2.5595432e+01  -4.2642155e-01  -4.6170688e-01
   1.2981046e+02  -2.5596205e+01  -4.4935581e-01  -5.2317978e-01
   1.2977952e+02  -2.5599865e+01  -1.0976813e-01  -1.7725122e-01
   1.2978244e+02  -2.5590237e+01  -1.0500416e-01  -1.4648083e-01
   1.2978000e+02  -2.5594023e+01  -9.6089514e-02  -1.7045489e-01
   1.2977972e+02  -2.5591747e+01  -9.0401450e-02  -1.5950111e-01
   1.2978927e+02  -2.5593704e+01  -7.3894756e-02  -2.6279998e-01
   1.2978778e+02  -2.5591304e+01  -7.7128050e-02  -2.1877596e-01
   1.2978505e+02  -2.5591843e+01  -1.3977665e-01  -1.6657109e-01
   1.2978480e+02  -2.5594076e+01  -1.4825219e-01  -1.9111624e-01
   1.2980216e+02  -2.5594197e+01  -3.3878550e-01  -3.5604179e-01
   1.2979785e+02  -2.5591906e+01  -2.4908931e-01  -2.7495089e-01
   1.2979541e+02  -2.5592903e+01  -1.3486838e-01  -3.4110364e-01
   1.2979863e+02  -2.5595780e+01  -3.4241111e-01  -2.6879094e-01
   1.2979957e+02  -2.5593911e+01  -3.3820630e-01  -2.9550796e-01
   1.2979216e+02  -2.5601394e+01  -1.8520441e-01  -3.3298607e-01
   1.2979683e+02  -2.5596203e+01  -1.8390735e-01  -3.9186113e-01
   1.2979534e+02  -2.5595332e+01  -1.5401525e-01  -3.5903833e-01
   1.2978124e+02  -2.5600878e+01  -1.2718393e-01  -1.7986749e-01
   1.2978009e+02  -2.5600816e+01  -1.2659211e-01  -1.7497333e-01
   1.2977668e+02  -2.5595443e+01  -1.0106720e-01  -1.6231452e-01
   1.2977640e+02  -2.5596984e+01  -1.0208394e-01  -1.6862478e-01
   1.2977836e+02  -2.5595152e+01  -7.0453274e-02  -1.8428303e-01
   1.2977884e+02  -2.5596839e+01  -6.7487039e-02  -2.0142797e-01
   1.2977769e+02  -2.5597638e+01  -1.4569563e-01  -1.4303456e-01
   1.2977661e+02  -2.5600642e+01  -1.2535199e-01  -1.5355434e-01
   1.2977758e+02  -2.5598747e+01  -1.4488407e-01  -1.3667946e-01
   1.2977776e+02  -2.5600704e+01  -1.2548267e-01  -1.5725346e-01
   1.2977834e+02  -2.5599814e+01  -1.3733583e-01  -1.4765706e-01
   1.2976457e+02  -2.5593490e+01  -1.1121105e-01  -6.1922495e-02
   1.2976762e+02  -2.5595513e+01  -1.0977985e-01  -1.0065449e-01
   1.2976662e+02  -2.5592210e+01  -9.9840639e-02  -8.5249388e-02
   1.2976834e+02  -2.5593630e+01  -1.0246556e-01  -1.0538196e-01
   1.2976157e+02  -2.5591390e+01  -9.9965232e-02  -2.0907299e-02
   1.2976259e+02  -2.5593226e+01  -9.9328295e-02  -5.7193569e-02
   1.2976134e+02  -2.5594935e+01  -9.3736084e-02  -6.4011899e-02
   1.2977589e+02  -2.5599948e+01  -1.5360566e-01  -1.2672598e-01
   1.2977628e+02  -2.5598942e+01  -1.5199147e-01  -1.2125688e-01
   1.2977556e+02  -2.5597904e+01  -1.3792984e-01  -1.2890657e-01
   1.2977438e+02  -2.5598017e+01  -7.0516365e-02  -1.6926760e-01
   1.2975986e+02  -2.5597661e+01  -9.6104700e-02  -5.4101841e-02
   1.2976209e+02  -2.5596387e+01  -1.2423517e-01  -1.4390303e-02
   1.2976125e+02  -2.5597539e+01  -1.1764318e-01  -1.0022005e-02
   1.2982408e+02  -2.5604482e+01  -4.6363968e-01  -7.5415082e-01
   1.2982387e+02  -2.5608115e+01  -3.5859468e-01  -7.5497294e-01
   1.2982262e+02  -2.5606417e+01  -4.8465667e-01  -7.1557769e-01
   1.2990241e+02  -2.5604306e+01  -2.4716274e-01  -1.2926982e-01
   1.2990731e+02  -2.5610432e+01  -2.6325718e-01  -8.8849768e-02
   1.2991314e+02  -2.5608233e+01  -9.8807424e-02  -2.8648084e-02
   1.2986199e+02  -2.5627482e+01  -9.1498906e-01  -8.3506356e-02
   1.2986040e+02  -2.5627630e+01  -8.5651849e-01  -4.1508193e-01
   1.2986719e+02  -2.5638212e+01  -8.3564406e-01   5.5797354e-03
   1.2986714e+02  -2.5637280e+01  -8.0601385e-01   2.9696291e-01
   1.2985697e+02  -2.5628983e+01  -9.2433927e-01  -1.9078997e-01
   1.2984911e+02  -2.5625465e+01  -8.0689576e-01  -4.6739438e-01
   1.2984990e+02  -2.5626633e+01  -8.2183546e-01  -4.5567828e-01
   1.2985096e+02  -2.5627091e+01  -8.2754514e-01  -4.5695052e-01
   1.2985210e+02  -2.5626687e+01  -8.1032708e-01  -5.0251477e-01
   1.2984705e+02  -2.5622235e+01  -5.7108288e-01  -6.6118117e-01
   1.2984603e+02  -2.5620761e+01  -8.6365191e-01  -1.8837988e-01
   1.2985018e+02  -2.5620149e+01  -6.1792075e-01  -7.0073481e-01
   1.2984965e+02  -2.5623885e+01  -7.8984203e-01  -4.2099407e-01
   1.2984863e+02  -2.5622085e+01  -7.5053309e-01  -4.6316181e-01
   1.2984794e+02  -2.5605891e+01  -6.8077380e-01  -3.6585351e-01
   1.2984417e+02  -2.5606906e+01  -7.2623661e-01  -2.6944888e-01
   1.2985478e+02  -2.5615412e+01  -7.7484026e-01  -4.8429371e-01
   1.2985576e+02  -2.5608551e+01  -7.0161737e-01  -4.8661373e-01
   1.2985802e+02  -2.5611710e+01  -7.0860653e-01  -5.4548855e-01
   1.2985056e+02  -2.5609451e+01  -7.6537806e-01  -3.6968069e-01
   1.2987209e+02  -2.5631198e+01  -8.4972064e-01  -1.0815691e-01
   1.2987038e+02  -2.5629947e+01  -8.6359426e-01  -6.3970379e-02
   1.2991581e+02  -2.5674401e+01  -1.1935291e-01  -5.8292536e-02
   1.2991445e+02  -2.5673053e+01  -1.5851429e-01   7.0431480e-03
   1.2991460e+02  -2.5674029e+01  -1.4026953e-01  -3.9081537e-02
   1.2991380e+02  -2.5670825e+01  -1.7964841e-01  -3.3147969e-02
   1.2991621e+02  -2.5671272e+01  -1.6901152e-01   1.4351573e-02
   1.2991501e+02  -2.5671779e+01  -1.6621340e-01   1.6047074e-02
   1.2991637e+02  -2.5669430e+01  -1.7210680e-01  -5.5025399e-02
   1.2991308e+02  -2.5672963e+01  -1.6296882e-01  -5.4949416e-02
   1.2991283e+02  -2.5671701e+01  -1.7964540e-01  -3.3203481e-02
   1.2991173e+02  -2.5671482e+01  -1.8174333e-01  -6.7284577e-02
   1.2990738e+02  -2.5661712e+01  -2.5060621e-01  -1.6752220e-01
   1.2990160e+02  -2.5658835e+01  -3.1574266e-01  -1.2835286e-01
   1.2990585e+02  -2.5660000e+01  -2.8048802e-01  -1.6764443e-01
   1.2990617e+02  -2.5657364e+01  -3.1374528e-01  -1.9378249e-01
   1.2990399e+02  -2.5655320e+01  -3.8630013e-01  -1.0855392e-01
   1.2990191e+02  -2.5656419e+01  -3.8356556e-01  -9.7049045e-02
   1.2990408e+02  -2.5660914e+01  -2.8353506e-01  -8.6604858e-02
   1.2990236e+02  -2.5660401e+01  -2.8997425e-01  -1.2678482e-01
   1.2990102e+02  -2.5661866e+01  -3.0792235e-01  -1.4889635e-01
   1.2990358e+02  -2.5665066e+01  -2.5917105e-01  -1.3271445e-01
   1.2990417e+02  -2.5662683e+01  -2.7729597e-01  -5.7175026e-02
   1.2990314e+02  -2.5663714e+01  -2.9486845e-01  -6.9031159e-02
   1.2989354e+02  -2.5658776e+01  -4.1781925e-01  -2.6943973e-01
   1.2990126e+02  -2.5663061e+01  -2.9472015e-01  -1.4596193e-01
   1.2990218e+02  -2.5663760e+01  -2.8322510e-01  -1.4344937e-01
   1.2989343e+02  -2.5655589e+01  -4.3775995e-01  -2.7091882e-01
   1.2989152e+02  -2.5657892e+01  -4.7659477e-01  -2.9346844e-01
   1.2989282e+02  -2.5657573e+01  -4.3897573e-01  -3.0029173e-01
   1.2989048e+02  -2.5657413e+01  -4.9981599e-01  -3.0368772e-01
   1.2988936e+02  -2.5634848e+01  -8.0668752e-01  -3.6647707e-01
   1.2988520e+02  -2.5635371e+01  -7.8895210e-01  -3.9483601e-01
   1.2989166e+02  -2.5638865e+01  -7.7447712e-01  -3.5225173e-01
   1.2988960e+02  -2.5642472e+01  -7.6219533e-01  -3.3306927e-01
   1.2988217e+02  -2.5651577e+01  -7.2637568e-01  -1.0656677e-01
   1.2988560e+02  -2.5655072e+01  -6.5006754e-01  -2.4397987e-01
   1.2991651e+02  -2.5676304e+01  -1.1800941e-01  -2.7638651e-02
   1.2983870e+02  -2.5614985e+01  -8.0968236e-01   1.1654979e-01
   1.2984211e+02  -2.5615550e+01  -8.5532995e-01  -1.6243822e-02
   1.2984352e+02  -2.5610762e+01  -8.0858933e-01  -1.7915620e-01
   1.2984062e+02  -2.5614196e+01  -8.3990896e-01   9.4745767e-02
   1.2984089e+02  -2.5611812e+01  -8.1174209e-01  -1.0382544e-01
   1.2982646e+02  -2.5613066e+01  -5.4589767e-01  -6.5338876e-01
   1.2982723e+02  -2.5612270e+01  -6.5917164e-01  -4.9053629e-01
   1.2982646e+02  -2.5610791e+01  -7.4762528e-01  -4.0255008e-01
   1.2982538e+02  -2.5612889e+01  -5.4405213e-01  -6.5174148e-01
   1.2982446e+02  -2.5612035e+01  -5.9242418e-01  -6.0817791e-01
   1.2982477e+02  -2.5610732e+01  -5.9477265e-01  -6.1484208e-01
   1.2982954e+02  -2.5608974e+01  -6.3296654e-01  -6.0016196e-01
   1.2982729e+02  -2.5609322e+01  -7.5209304e-01  -4.0659168e-01
   1.2982599e+02  -2.5607758e+01  -5.5894794e-01  -6.1939319e-01
   1.2983047e+02  -2.5606337e+01  -6.3401957e-01  -6.3038886e-01
   1.2982847e+02  -2.5604371e+01  -5.5000673e-01  -7.1290064e-01
   1.2982624e+02  -2.5605444e+01  -5.6951131e-01  -6.8629208e-01
   1.2981914e+02  -2.5600251e+01  -6.6810277e-01  -5.0362503e-01
   1.2982061e+02  -2.5602154e+01  -6.3721839e-01  -5.6716576e-01
   1.2981657e+02  -2.5601183e+01  -7.3712771e-01  -3.0042054e-01
   1.2981586e+02  -2.5603371e+01  -7.9062194e-01  -2.2106338e-01
   1.2981950e+02  -2.5604736e+01  -6.3856015e-01  -5.3736403e-01
   1.2981733e+02  -2.5605021e+01  -6.5385936e-01  -4.8820101e-01
   1.2980701e+02  -2.5600085e+01  -5.9650012e-01  -3.8762990e-01
   1.2980608e+02  -2.5597879e+01  -4.8392282e-01  -4.3083474e-01
   1.2978849e+02  -2.5600987e+01  -1.5008619e-01  -2.6864196e-01
   1.2978314e+02  -2.5600761e+01  -1.2995721e-01  -2.0291410e-01
   1.2978202e+02  -2.5600183e+01  -6.7834011e-02  -2.1984359e-01
   1.2979945e+02  -2.5597305e+01  -4.7012098e-01  -1.4119820e-01
   1.2979759e+02  -2.5601782e+01  -2.5348734e-01  -4.4999904e-01
   1.2979969e+02  -2.5600153e+01  -3.5552370e-01  -3.8106914e-01
   1.2979674e+02  -2.5602282e+01  -3.4544703e-01  -3.4496896e-01
   1.2979331e+02  -2.5601457e+01  -1.9413300e-01  -3.4853056e-01
   1.2979566e+02  -2.5601927e+01  -3.3087491e-01  -3.3249200e-01
   1.2979401e+02  -2.5600649e+01  -2.8454086e-01  -2.7675225e-01
   1.2979524e+02  -2.5600912e+01  -2.3610129e-01  -3.6084622e-01
   1.2979211e+02  -2.5596138e+01  -2.9769309e-01  -1.7937435e-01
   1.2979386e+02  -2.5596496e+01  -8.9404202e-02  -3.7128262e-01
   1.2979344e+02  -2.5599208e+01  -2.5819852e-01  -2.7180742e-01
   1.2979431e+02  -2.5598190e+01  -9.1992609e-02  -4.1204839e-01
   1.2977358e+02  -2.5596693e+01  -1.0084116e-01  -1.5405393e-01
   1.2977476e+02  -2.5593339e+01  -1.1191778e-01  -1.3152845e-01
   1.2977504e+02  -2.5595039e+01  -1.0725087e-01  -1.4697526e-01
   1.2977204e+02  -2.5592584e+01  -1.0957797e-01  -1.1119304e-01
   1.2977044e+02  -2.5593934e+01  -1.3776019e-01  -7.0650286e-02
   1.2976610e+02  -2.5595931e+01  -1.1184304e-01  -9.0100257e-02
   1.2976477e+02  -2.5595327e+01  -1.1903970e-01  -6.6469988e-02
   1.2976354e+02  -2.5596516e+01  -5.5118669e-02  -1.2380366e-01
   1.2976393e+02  -2.5597727e+01  -5.7803666e-02  -1.2472096e-01
   1.2975958e+02  -2.5595163e+01  -6.1498891e-02  -8.0253751e-02
   1.2975892e+02  -2.5596737e+01  -6.6053558e-02  -7.3661053e-02
   1.2976164e+02  -2.5598853e+01  -1.1425166e-01  -3.5401597e-02
   1.2976608e+02  -2.5597414e+01  -1.1332235e-01  -9.7807503e-02
   1.2976515e+02  -2.5598022e+01  -1.0842129e-01  -9.7484398e-02
   1.2986179e+02  -2.5631241e+01  -9.1811799e-01   1.5842966e-01
   1.2986013e+02  -2.5632812e+01  -9.0826548e-01  -2.4518221e-01
   1.2986143e+02  -2.5632646e+01  -9.1660526e-01   6.7828761e-02
   1.2985476e+02  -2.5620757e+01  -8.5676043e-01  -4.0895130e-01
   1.2985219e+02  -2.5621121e+01  -7.0701656e-01  -6.3553802e-01
   1.2985277e+02  -2.5624877e+01  -8.0298972e-01  -4.7800515e-01
   1.2985164e+02  -2.5623472e+01  -7.0238431e-01  -5.9258069e-01
   1.2985888e+02  -2.5626194e+01  -8.5181512e-01  -4.2992176e-01
   1.2985717e+02  -2.5627173e+01  -8.8750268e-01  -2.7995759e-01
   1.2985864e+02  -2.5623839e+01  -8.7984683e-01  -3.9319319e-01
   1.2985625e+02  -2.5623083e+01  -9.2750643e-01  -2.4662101e-01
   1.2985549e+02  -2.5626587e+01  -9.0046955e-01  -2.2210550e-01
   1.2985481e+02  -2.5624851e+01  -9.0393788e-01  -2.1138523e-01
   1.2985294e+02  -2.5627898e+01  -8.3933327e-01  -4.6392600e-01
   1.2985430e+02  -2.5627824e+01  -9.2347859e-01  -2.5461672e-01
   1.2984880e+02  -2.5612745e+01  -8.5258040e-01  -2.8976587e-01
   1.2984553e+02  -2.5613040e+01  -8.4734403e-01  -1.3708397e-01
   1.2984912e+02  -2.5617996e+01  -6.0263946e-01  -7.0448747e-01
   1.2985076e+02  -2.5615547e+01  -6.5278226e-01  -6.2236314e-01
   1.2984440e+02  -2.5615445e+01  -8.6774590e-01  -5.9161381e-02
   1.2984502e+02  -2.5617509e+01  -7.7110400e-01  -3.7787156e-01
   1.2984656e+02  -2.5618459e+01  -8.3121098e-01  -2.7246309e-01
   1.2986837e+02  -2.5631401e+01  -8.7432244e-01  -2.9520678e-01
   1.2986457e+02  -2.5632952e+01  -7.7656374e-01  -3.9241880e-01
   1.2987269e+02  -2.5635151e+01  -8.4422155e-01  -5.2100539e-02
   1.2987142e+02  -2.5633646e+01  -8.5894035e-01  -1.3301183e-02
   1.2993057e+02  -2.5667529e+01  -1.1615104e-01  -6.1119903e-02
   1.2992707e+02  -2.5668994e+01  -1.3006506e-01  -4.9020289e-02
   1.2992234e+02  -2.5671906e+01  -1.3084466e-01   5.4345797e-03
   1.2992163e+02  -2.5675445e+01  -9.3311435e-02   9.6265888e-03
   1.2992200e+02  -2.5669605e+01  -1.3246677e-01  -6.7776853e-02
   1.2991866e+02  -2.5666083e+01  -2.0376791e-01  -5.0444039e-02
   1.2992415e+02  -2.5667639e+01  -1.4165953e-01  -8.9426021e-02
   1.2991843e+02  -2.5668406e+01  -1.7456463e-01  -3.6535716e-02
   1.2991972e+02  -2.5669628e+01  -1.4320182e-01  -6.5942502e-02
   1.2992074e+02  -2.5663402e+01  -2.2562590e-01  -6.8211809e-02
   1.2992359e+02  -2.5663915e+01  -1.9052209e-01  -9.3300955e-02
   1.2990651e+02  -2.5667228e+01  -2.2537308e-01  -1.1995746e-01
   1.2991638e+02  -2.5665224e+01  -1.8774110e-01  -1.3004120e-01
   1.2989661e+02  -2.5660237e+01  -3.4008918e-01  -2.3735529e-01
   1.2989458e+02  -2.5659255e+01  -3.9286050e-01  -2.5903240e-01
   1.2989582e+02  -2.5658959e+01  -3.7629179e-01  -2.3205512e-01
   1.2988661e+02  -2.5652228e+01  -6.5690085e-01  -1.9938611e-01
   1.2988498e+02  -2.5650253e+01  -6.0461782e-01  -3.8374586e-01
   1.2988649e+02  -2.5650524e+01  -6.5225205e-01  -2.4574004e-01
   1.2989212e+02  -2.5654152e+01  -4.8561274e-01  -2.9681313e-01
   1.2988239e+02  -2.5649869e+01  -7.0415634e-01  -1.9700713e-01
   1.2988392e+02  -2.5649175e+01  -6.9247549e-01  -2.7077754e-01
   1.2987485e+02  -2.5635037e+01  -8.3090194e-01   5.6372433e-04
   1.2987656e+02  -2.5632681e+01  -8.5929169e-01   7.8361630e-03
   1.2987926e+02  -2.5633703e+01  -8.6017939e-01  -8.5436108e-02
   1.2987608e+02  -2.5637262e+01  -8.1759639e-01  -1.1117754e-02
   1.2987875e+02  -2.5636879e+01  -8.2647098e-01  -1.2546047e-01
   1.2988018e+02  -2.5651508e+01  -7.1681686e-01  -2.5372817e-01
   1.2988113e+02  -2.5652147e+01  -7.1108046e-01  -2.5331155e-01
   1.2983853e+02  -2.5610807e+01  -7.8571213e-01  -2.3641517e-01
   1.2983332e+02  -2.5610337e+01  -5.7764856e-01  -5.6800884e-01
   1.2981851e+02  -2.5608565e+01  -5.4283409e-01  -5.7924268e-01
   1.2980104e+02  -2.5599331e+01  -2.2522071e-01  -5.1431597e-01
   1.2980102e+02  -2.5597823e+01  -2.1161249e-01  -4.8369852e-01
   1.2980279e+02  -2.5596583e+01  -3.0063095e-01  -4.3510424e-01
   1.2980423e+02  -2.5598064e+01  -5.3114106e-01  -2.7549223e-01
   1.2980202e+02  -2.5600241e+01  -5.3211864e-01  -3.0248429e-01
   1.2980345e+02  -2.5600215e+01  -5.6784838e-01  -3.0692454e-01
   1.2980201e+02  -2.5603535e+01  -4.5312966e-01  -4.2235026e-01
   1.2978668e+02  -2.5600985e+01  -1.3898872e-01  -2.3651525e-01
   1.2978764e+02  -2.5600235e+01  -1.0590572e-01  -2.6852061e-01
   1.2979032e+02  -2.5601080e+01  -1.6688485e-01  -3.0701466e-01
   1.2978955e+02  -2.5600237e+01  -1.5561526e-01  -2.8906271e-01
   1.2979149e+02  -2.5600551e+01  -2.6478563e-01  -2.6031541e-01
   1.2979207e+02  -2.5599173e+01  -2.5750508e-01  -2.3206014e-01
   1.2978984e+02  -2.5598332e+01  -1.5445543e-01  -2.7547968e-01
   1.2979119e+02  -2.5597797e+01  -2.8492699e-01  -1.6416802e-01
   1.2978178e+02  -2.5595104e+01  -1.7345549e-01  -1.3472573e-01
   1.2978338e+02  -2.5595083e+01  -1.7631726e-01  -1.5000154e-01
   1.2979823e+02  -2.5598409e+01  -4.7888799e-01  -1.5324081e-01
   1.2979613e+02  -2.5599952e+01  -1.4003144e-01  -4.4250214e-01
   1.2979741e+02  -2.5600468e+01  -2.4614051e-01  -4.3503769e-01
   1.2979846e+02  -2.5599749e+01  -3.7188076e-01  -3.1902817e-01
   1.2979682e+02  -2.5597848e+01  -1.9341116e-01  -4.3030798e-01
   1.2979577e+02  -2.5598671e+01  -1.3093452e-01  -4.4113818e-01
   1.2980000e+02  -2.5601279e+01  -4.7839683e-01  -3.0198737e-01
   1.2980131e+02  -2.5601432e+01  -5.1526637e-01  -2.7996215e-01
   1.2980134e+02  -2.5602697e+01  -5.0052515e-01  -3.2239164e-01
   1.2976344e+02  -2.5598947e+01  -7.0829012e-02  -1.1363804e-01
   1.2976255e+02  -2.5599498e+01  -1.0377079e-01  -7.2375591e-02
   1.2976073e+02  -2.5599661e+01  -9.4685559e-02  -6.5837390e-02
   1.2975885e+02  -2.5599480e+01  -8.5542730e-02  -5.7329138e-02
   1.2975966e+02  -2.5598940e+01  -9.5170790e-02  -5.2663440e-02
   1.2987437e+02  -2.5647274e+01  -7.8715002e-01  -2.3107587e-02
   1.2977473e+02  -2.5600390e+01  -1.2536382e-01  -1.5091235e-01
   1.2977394e+02  -2.5599498e+01  -5.8998597e-02  -1.7492882e-01
   1.2977294e+02  -2.5600100e+01  -1.2422685e-01  -1.2916795e-01
   1.2985802e+02  -2.5629799e+01  -9.0365273e-01  -2.6648035e-01
   1.2985770e+02  -2.5630991e+01  -9.1237930e-01  -2.4119240e-01
   1.2985975e+02  -2.5629425e+01  -8.5748218e-01  -4.1270400e-01
   1.2986049e+02  -2.5630658e+01  -9.1558566e-01  -2.7618186e-01
   1.2985861e+02  -2.5631679e+01  -9.1085432e-01  -2.4195833e-01
   1.2985967e+02  -2.5631720e+01  -9.0537205e-01  -2.6137092e-01
   1.2985573e+02  -2.5629488e+01  -9.1671744e-01  -2.3862339e-01
   1.2985475e+02  -2.5628915e+01  -8.3460115e-01  -4.4666249e-01
   1.2986548e+02  -2.5633857e+01  -8.3834280e-01  -2.6263713e-01
   1.2986569e+02  -2.5636114e+01  -9.0684114e-01  -2.2625186e-02
   1.2986431e+02  -2.5634932e+01  -8.6984319e-01  -3.0975969e-01
   1.2986446e+02  -2.5635916e+01  -8.8428654e-01  -2.5053621e-01
   1.2986674e+02  -2.5630634e+01  -9.2435500e-01   5.0594457e-02
   1.2986486e+02  -2.5627803e+01  -8.2409354e-01  -4.3079975e-01
   1.2986655e+02  -2.5628248e+01  -8.7481898e-01  -2.7522985e-01
   1.2986489e+02  -2.5631706e+01  -9.5458844e-01   4.3134346e-02
   1.2986334e+02  -2.5629171e+01  -8.5548868e-01  -3.1288750e-01
   1.2986318e+02  -2.5630689e+01  -9.5451736e-01   1.3303404e-01
   1.2986791e+02  -2.5636264e+01  -7.7454274e-01   4.1120910e-01
   1.2986918e+02  -2.5635985e+01  -8.0058847e-01   4.0084466e-01
   1.2986960e+02  -2.5634337e+01  -8.6929750e-01  -2.5653814e-02
   1.2986826e+02  -2.5633343e+01  -7.7767116e-01  -4.1806524e-01
   1.2986692e+02  -2.5635443e+01  -9.0402011e-01  -2.2715522e-02
   1.2986685e+02  -2.5634169e+01  -8.0144338e-01  -3.4049654e-01
   1.2991724e+02  -2.5673927e+01  -1.1919128e-01  -3.6808329e-02
   1.2992044e+02  -2.5672937e+01  -1.3102719e-01   3.3101013e-03
   1.2992039e+02  -2.5674438e+01  -9.2556274e-02  -5.0307688e-02
   1.2991894e+02  -2.5671850e+01  -1.4619819e-01   2.4540705e-02
   1.2991750e+02  -2.5672470e+01  -1.4769997e-01   2.3914627e-02
   1.2991744e+02  -2.5676308e+01  -1.1010363e-01  -3.6595294e-02
   1.2991804e+02  -2.5675037e+01  -1.0709948e-01  -3.0644745e-02
   1.2991919e+02  -2.5675237e+01  -8.8920323e-02  -5.7105677e-02
   1.2991966e+02  -2.5676591e+01  -9.5849036e-02  -2.0753249e-02
   1.2991789e+02  -2.5677530e+01  -1.0388243e-01  -2.0148686e-02
   1.2991896e+02  -2.5677612e+01  -9.5430063e-02  -2.1640822e-02
   1.2992676e+02  -2.5672283e+01  -1.0872410e-01  -9.3176021e-03
   1.2992418e+02  -2.5673229e+01  -1.1017318e-01  -1.4298423e-02
   1.2990802e+02  -2.5668254e+01  -2.0862348e-01  -1.1193811e-01
   1.2990779e+02  -2.5667228e+01  -1.9811770e-01  -1.4617930e-01
   1.2990837e+02  -2.5665728e+01  -1.9684209e-01  -1.3811953e-01
   1.2990470e+02  -2.5664985e+01  -2.2652343e-01  -1.7442848e-01
   1.2990511e+02  -2.5666078e+01  -2.4453659e-01  -1.2995538e-01
   1.2990625e+02  -2.5666099e+01  -2.4521190e-01  -1.0288317e-01
   1.2990729e+02  -2.5664949e+01  -2.3322900e-01  -9.0000913e-02
   1.2990671e+02  -2.5663548e+01  -2.2472256e-01  -1.3550688e-01
   1.2990527e+02  -2.5663605e+01  -2.2024744e-01  -1.5827225e-01
   1.2991618e+02  -2.5662613e+01  -2.3395730e-01  -1.2367002e-01
   1.2991532e+02  -2.5656192e+01  -2.8558129e-01  -1.6854087e-01
   1.2991904e+02  -2.5660938e+01  -2.3409033e-01  -1.2505936e-01
   1.2991897e+02  -2.5657309e+01  -2.5515854e-01  -1.3518158e-01
   1.2990931e+02  -2.5661586e+01  -2.4863681e-01  -1.6565775e-01
   1.2991389e+02  -2.5661920e+01  -2.6025872e-01  -1.0343575e-01
   1.2991044e+02  -2.5659032e+01  -2.7135741e-01  -1.9197390e-01
   1.2991311e+02  -2.5659129e+01  -2.7892608e-01  -1.4942845e-01
   1.2988530e+02  -2.5652683e+01  -6.0564612e-01  -3.7420507e-01
   1.2988497e+02  -2.5653951e+01  -6.0152145e-01  -3.7589823e-01
   1.2988395e+02  -2.5654143e+01  -6.6725690e-01  -2.3804876e-01
   1.2988439e+02  -2.5651666e+01  -6.0577220e-01  -4.0021626e-01
   1.2988301e+02  -2.5653504e+01  -6.7625845e-01  -2.4033343e-01
   1.2988311e+02  -2.5652296e+01  -6.6102275e-01  -2.9090856e-01
   1.2988836e+02  -2.5656523e+01  -5.4807813e-01  -3.2195243e-01
   1.2988972e+02  -2.5656277e+01  -5.0599388e-01  -3.4859938e-01
   1.2989023e+02  -2.5654759e+01  -5.0182062e-01  -3.1593752e-01
   1.2988688e+02  -2.5654974e+01  -6.1288375e-01  -2.9038141e-01
   1.2988732e+02  -2.5656044e+01  -5.6595389e-01  -3.2999776e-01
   1.2988756e+02  -2.5653398e+01  -6.0418701e-01  -2.6476877e-01
   1.2988903e+02  -2.5653190e+01  -5.9406900e-01  -2.3626944e-01
   1.2989004e+02  -2.5651199e+01  -6.2575073e-01  -2.7289552e-01
   1.2988845e+02  -2.5649703e+01  -6.1712537e-01  -3.8880468e-01
   1.2988847e+02  -2.5647580e+01  -6.7608048e-01  -4.0130041e-01
   1.2989402e+02  -2.5646951e+01  -6.4158031e-01  -3.4090117e-01
   1.2989096e+02  -2.5645736e+01  -7.1486214e-01  -3.2162527e-01
   1.2989427e+02  -2.5650303e+01  -6.0133216e-01  -2.2994928e-01
   1.2989205e+02  -2.5651750e+01  -6.0306764e-01  -2.3213626e-01
   1.2987145e+02  -2.5643476e+01  -8.2796852e-01  -3.1805707e-02
   1.2987139e+02  -2.5642294e+01  -8.3154970e-01  -7.7388699e-02
   1.2987023e+02  -2.5642061e+01  -8.4131483e-01  -2.9264101e-02
   1.2988115e+02  -2.5649364e+01  -7.2943634e-01  -7.9686141e-02
   1.2988000e+02  -2.5650433e+01  -7.6426898e-01  -1.1315318e-01
   1.2987874e+02  -2.5650358e+01  -7.3552341e-01  -2.6360374e-01
   1.2988632e+02  -2.5642988e+01  -7.2631522e-01  -4.0436084e-01
   1.2988582e+02  -2.5646128e+01  -7.4419924e-01  -3.2263478e-01
   1.2988392e+02  -2.5647161e+01  -7.4433398e-01  -2.3787478e-01
   1.2987494e+02  -2.5638920e+01  -8.3202834e-01   7.0854571e-02
   1.2987255e+02  -2.5641297e+01  -7.8870084e-01  -3.7465147e-02
   1.2987403e+02  -2.5641767e+01  -7.7994011e-01  -1.1465172e-02
   1.2987730e+02  -2.5641660e+01  -7.9453412e-01  -1.6554132e-01
   1.2987558e+02  -2.5640725e+01  -8.1411307e-01  -4.2698481e-02
   1.2983789e+02  -2.5608361e+01  -7.4329276e-01  -3.0582154e-01
   1.2983920e+02  -2.5602434e+01  -5.9820401e-01  -3.5889660e-01
   1.2984091e+02  -2.5605511e+01  -6.8043933e-01  -3.3126829e-01
   1.2983492e+02  -2.5608203e+01  -5.0517175e-01  -6.6816286e-01
   1.2983336e+02  -2.5605824e+01  -6.7627115e-01  -5.4444184e-01
   1.2983463e+02  -2.5602904e+01  -6.2153514e-01  -5.2618327e-01
   1.2983701e+02  -2.5614276e+01  -8.1548917e-01  -1.7955467e-01
   1.2983656e+02  -2.5612481e+01  -7.9820502e-01  -2.2402636e-01
   1.2983577e+02  -2.5615617e+01  -8.4409270e-01  -2.0378079e-01
   1.2983465e+02  -2.5615628e+01  -8.4441958e-01  -2.0670647e-01
   1.2983383e+02  -2.5614836e+01  -8.4396410e-01  -2.1208547e-01
   1.2983325e+02  -2.5613573e+01  -7.5753908e-01  -4.0720798e-01
   1.2983434e+02  -2.5612168e+01  -7.4617702e-01  -3.9469248e-01
   1.2980384e+02  -2.5601657e+01  -3.4007375e-01  -5.4357343e-01
   1.2980351e+02  -2.5604356e+01  -5.0200710e-01  -4.7521704e-01
   1.2980298e+02  -2.5603125e+01  -2.3141621e-01  -6.0502779e-01
   1.2981388e+02  -2.5603706e+01  -7.8410759e-01  -1.3293063e-01
   1.2980685e+02  -2.5605489e+01  -5.5970786e-01  -5.1309960e-01
   1.2981630e+02  -2.5610177e+01  -6.9347193e-01  -4.4303887e-01
   1.2981321e+02  -2.5608631e+01  -6.8407471e-01  -4.3814516e-01
   1.2981422e+02  -2.5609149e+01  -6.8584527e-01  -4.3844161e-01
   1.2981621e+02  -2.5609028e+01  -5.3677526e-01  -5.8418916e-01
   1.2981515e+02  -2.5608519e+01  -7.4883561e-01  -2.5364750e-01
   1.2981746e+02  -2.5607868e+01  -5.6102666e-01  -5.5903264e-01
   1.2981670e+02  -2.5606523e+01  -6.5624465e-01  -4.8570795e-01
   1.2981519e+02  -2.5606844e+01  -7.1642201e-01  -3.0845650e-01
   1.2978818e+02  -2.5595654e+01  -3.2862234e-02  -2.7034878e-01
   1.2978644e+02  -2.5595486e+01  -1.0386928e-01  -2.3370658e-01
   1.2978871e+02  -2.5597564e+01  -3.6464091e-02  -2.7652382e-01
   1.2978757e+02  -2.5598717e+01  -1.0712130e-01  -2.3716476e-01
   1.2978396e+02  -2.5600227e+01  -1.7756789e-01  -1.6817069e-01
   1.2978490e+02  -2.5601015e+01  -1.3304472e-01  -2.1265153e-01
   1.2978578e+02  -2.5600357e+01  -8.7998328e-02  -2.4530405e-01
   1.2978161e+02  -2.5599031e+01  -6.9240265e-02  -2.1246408e-01
   1.2978231e+02  -2.5597988e+01  -1.1572930e-01  -1.8655774e-01
   1.2978135e+02  -2.5596787e+01  -1.7499129e-01  -1.3641451e-01
   1.2978005e+02  -2.5597393e+01  -7.1626471e-02  -2.0888563e-01
   1.2978026e+02  -2.5598774e+01  -7.3055240e-02  -2.0440829e-01
   1.2979854e+02  -2.5602674e+01  -3.8724110e-01  -3.9078321e-01
   1.2979949e+02  -2.5602366e+01  -4.7682808e-01  -3.0384485e-01
   1.2980025e+02  -2.5603397e+01  -4.1837978e-01  -4.0637016e-01
   1.2976426e+02  -2.5599860e+01  -1.1170825e-01  -8.7545358e-02
   1.2976523e+02  -2.5599277e+01  -1.0885575e-01  -9.8195910e-02
   1.2976607e+02  -2.5599933e+01  -1.1647061e-01  -9.6611260e-02
   1.2977197e+02  -2.5599188e+01  -1.2529551e-01  -1.2069667e-01
   1.2977103e+02  -2.5599987e+01  -1.2294311e-01  -1.1601303e-01
   1.2977217e+02  -2.5597263e+01  -1.2472604e-01  -1.2617049e-01
   1.2977094e+02  -2.5596293e+01  -1.5964846e-01  -5.9200147e-02
   1.2990935e+02  -2.5669601e+01  -1.8649972e-01  -9.4000155e-02
   1.2990926e+02  -2.5668553e+01  -2.2034373e-01  -2.9364401e-02
   1.2991036e+02  -2.5668029e+01  -2.1303358e-01  -2.5742183e-02
   1.2991145e+02  -2.5669011e+01  -1.6247771e-01  -1.2757599e-01
   1.2991022e+02  -2.5670349e+01  -1.9031051e-01  -6.9251006e-02
   1.2991122e+02  -2.5670284e+01  -1.5980668e-01  -1.2626649e-01
   1.2987363e+02  -2.5646388e+01  -7.9038484e-01  -2.2351513e-02
   1.2987187e+02  -2.5637035e+01  -8.3993028e-01  -2.6240864e-02
   1.2987290e+02  -2.5638579e+01  -8.1220804e-01   1.5933517e-01
   1.2987206e+02  -2.5639913e+01  -7.9955414e-01   1.2435511e-01
   1.2987018e+02  -2.5637178e+01  -7.5282754e-01  -4.6078287e-01
   1.2987720e+02  -2.5649369e+01  -7.4494000e-01  -2.5992602e-01
   1.2987843e+02  -2.5649252e+01  -7.2250199e-01  -3.0867172e-01
   1.2988139e+02  -2.5642779e+01  -8.0258010e-01  -1.8185391e-01
   1.2988029e+02  -2.5638665e+01  -7.6300113e-01  -3.0557460e-01
   1.2987934e+02  -2.5641061e+01  -7.9704393e-01  -2.2660847e-01
   1.2988364e+02  -2.5638571e+01  -7.6263731e-01  -3.4058311e-01
   1.2988421e+02  -2.5641493e+01  -8.2165259e-01  -1.5616665e-01
   1.2987411e+02  -2.5643090e+01  -7.7377122e-01   7.4961995e-03
   1.2987377e+02  -2.5645385e+01  -7.8635591e-01   1.7151721e-01
   1.2987268e+02  -2.5643801e+01  -8.2013925e-01  -2.9437059e-02
   1.2987262e+02  -2.5644898e+01  -8.1396724e-01  -3.2703883e-02
   1.2987718e+02  -2.5643550e+01  -7.5601538e-01  -2.0996528e-01
   1.2987527e+02  -2.5645135e+01  -7.9092300e-01   1.6717018e-01
   1.2987554e+02  -2.5643937e+01  -7.5538466e-01  -1.3301019e-01
   1.2980615e+02  -2.5601815e+01  -5.8194253e-01  -3.4250729e-01
   1.2980486e+02  -2.5602225e+01  -4.2749334e-01  -5.2052460e-01
   1.2980690e+02  -2.5603120e+01  -6.1060701e-01  -3.3987582e-01
   1.2980455e+02  -2.5603870e+01  -4.4009232e-01  -5.6151114e-01
   1.2980520e+02  -2.5604812e+01  -5.3650370e-01  -5.0501821e-01
   1.2980626e+02  -2.5604472e+01  -6.3988672e-01  -3.9192499e-01
   1.2981240e+02  -2.5602375e+01  -4.8631142e-01  -5.8476922e-01
   1.2981261e+02  -2.5600173e+01  -4.7349629e-01  -6.3220731e-01
   1.2981057e+02  -2.5598940e+01  -5.4654885e-01  -5.2345246e-01
   1.2980887e+02  -2.5600374e+01  -5.9785779e-01  -4.4124671e-01
   1.2980998e+02  -2.5606960e+01  -6.7159773e-01  -4.3611396e-01
   1.2981899e+02  -2.5611348e+01  -7.0707024e-01  -4.5989914e-01
   1.2981827e+02  -2.5610243e+01  -5.5275071e-01  -6.2876554e-01
   1.2981731e+02  -2.5610695e+01  -6.9501562e-01  -4.4345539e-01
   1.2978357e+02  -2.5597989e+01  -1.2087071e-01  -1.9392334e-01
   1.2978424e+02  -2.5599044e+01  -1.7824869e-01  -1.6937019e-01
   1.2978422e+02  -2.5596767e+01  -1.3025647e-01  -1.8798068e-01
   1.2978572e+02  -2.5596932e+01  -1.5168308e-01  -1.8377192e-01
   1.2978632e+02  -2.5598253e+01  -1.6008712e-01  -1.9032435e-01
   1.2978548e+02  -2.5599143e+01  -8.7914865e-02  -2.3984896e-01
   1.2976721e+02  -2.5599315e+01  -1.1246558e-01  -1.0898367e-01
   1.2976797e+02  -2.5599999e+01  -1.1964894e-01  -1.0788348e-01
   1.2976731e+02  -2.5598051e+01  -1.1220653e-01  -1.0719098e-01
   1.2976836e+02  -2.5596997e+01  -1.2700252e-01  -9.3700717e-02
   1.2976959e+02  -2.5597473e+01  -1.5971150e-01  -3.6643896e-02
   1.2976912e+02  -2.5600061e+01  -1.2106011e-01  -1.1279222e-01
   1.2976988e+02  -2.5599242e+01  -1.5197674e-01  -5.9729375e-02
   1.2990960e+02  -2.5665431e+01  -1.9612754e-01  -1.2980625e-01
   1.2991059e+02  -2.5666756e+01  -2.1045411e-01  -5.6573510e-02
   1.2991035e+02  -2.5663576e+01  -2.1702486e-01  -1.5449548e-01
   1.2991227e+02  -2.5663813e+01  -2.3775258e-01  -8.5648970e-02
   1.2991364e+02  -2.5669310e+01  -1.6208311e-01  -9.4509180e-02
   1.2991248e+02  -2.5668515e+01  -1.7737489e-01  -8.7796994e-02
   1.2991500e+02  -2.5668422e+01  -1.5744520e-01  -1.1601176e-01
   1.2991477e+02  -2.5666539e+01  -1.7402571e-01  -1.3239470e-01
   1.2991295e+02  -2.5665820e+01  -2.1038313e-01  -7.9365372e-02
   1.2991203e+02  -2.5666908e+01  -2.0347586e-01  -7.5818740e-02
   1.2987060e+02  -2.5639689e+01  -8.2694028e-01  -2.0299178e-01
   1.2986993e+02  -2.5640840e+01  -8.2251884e-01  -1.9960415e-01
   1.2986889e+02  -2.5640693e+01  -8.4014839e-01  -1.6410816e-02
   1.2986975e+02  -2.5638498e+01  -7.3737943e-01  -4.2874327e-01
   1.2986835e+02  -2.5638763e+01  -8.0717681e-01  -1.6963519e-01
   1.2986816e+02  -2.5639807e+01  -8.4672908e-01  -1.6971820e-02
   1.2987569e+02  -2.5648480e+01  -7.4692551e-01  -2.5026376e-01
   1.2987680e+02  -2.5648333e+01  -6.9029042e-01  -3.8283879e-01
   1.2987527e+02  -2.5647319e+01  -7.8025883e-01  -1.4356355e-01
   1.2987604e+02  -2.5646184e+01  -7.8381974e-01  -1.4689010e-01
   1.2987709e+02  -2.5646878e+01  -6.9602719e-01  -3.9055144e-01
   1.2987860e+02  -2.5644833e+01  -7.7463684e-01  -5.8521153e-02
   1.2987830e+02  -2.5646518e+01  -7.5687711e-01  -7.3643781e-02
   1.2988077e+02  -2.5644662e+01  -7.7989370e-01  -1.7973446e-01
   1.2988194e+02  -2.5646384e+01  -7.5579683e-01  -2.1033198e-01
   1.2988070e+02  -2.5647892e+01  -7.1795367e-01  -1.6532132e-01
   1.2987923e+02  -2.5647856e+01  -6.9942176e-01  -2.6659162e-01
   1.2981076e+02  -2.5603121e+01  -3.9133283e-01  -6.5682752e-01
   1.2981072e+02  -2.5604654e+01  -4.0004442e-01  -6.8401909e-01
   1.2980815e+02  -2.5603369e+01  -6.2131835e-01  -3.5486276e-01
   1.2980927e+02  -2.5602353e+01  -5.7904371e-01  -4.8381413e-01
   1.2980806e+02  -2.5604899e+01  -7.1503435e-01  -2.3457367e-01
   1.2980858e+02  -2.5605852e+01  -6.4355923e-01  -4.0636026e-01
   1.2980964e+02  -2.5605675e+01  -4.9646075e-01  -5.9744470e-01
   1.2981166e+02  -2.5607702e+01  -6.8474866e-01  -4.4858463e-01
   1.2981120e+02  -2.5606748e+01  -6.0450182e-01  -5.3817192e-01
   1.2981292e+02  -2.5607641e+01  -7.5495465e-01  -3.1796013e-01
   1.2981178e+02  -2.5605468e+01  -6.0495195e-01  -5.4409261e-01
   1.2981397e+02  -2.5606485e+01  -7.2354986e-01  -2.7685552e-01
   1.2981329e+02  -2.5605267e+01  -7.6164763e-01  -1.6683153e-01
